 -0.97086186337013802     
  -2.8278374706847198     
  -1.4742335888745599     
  0.83341031535251098     
  -2.7852818568679800     
 -0.82798184631737604     
  -5.5622130155016496     
   2.8119488293754800     
   1.0261074707200100     
 -0.94072092750872904     
  0.89635465761486899     
   1.0601022392838799     
 -0.45949767252057400     
  -2.6725504636906798     
  -3.7428517933029100     
 -0.92053260989164998     
   1.0356043018121699     
 -0.94232066977121498     
   3.8760877872867101     
  0.81618109443003795     
  -1.2980603901142700     
 -0.73532456205905605     
  -3.0428595422511502     
  0.77811414000414503     
   1.1683128482652301     
   1.5448995262842700     
   2.2205482889243999     
 -0.32579256426115399     
  -6.3355358808735600     
  -3.5010400688627401     
  -3.1864997949884102     
  -1.4965112749433100     
  -4.4450902944387698     
   2.0279462407023101     
  -2.4520429076493402     
 -0.80947032422061505     
 -0.71316024004865597     
  -4.8615202224571998     
  -1.3734495406153200     
  0.28442580719950999     
  -1.0088823197633301     
   1.5122310185001600     
  -2.4017905076267301     
   3.2993644727389202     
  -5.4418384264272701     
