  0.32425241945952599     
 -0.26588919148735102     
 -0.71726219863502005     
 -0.64445859936292804     
 -0.82437294088931401     
  0.14353977009506000     
 -0.88007924463534803     
  -1.2901421619338800     
  -1.1180164825659300     
 -0.72146488767701999     
 -0.28263622423765600     
   1.1161166484161400     
  -1.1697461825092099     
   1.3195002732222800     
  -4.1116405995880928E-002
  0.72081725838497102     
  0.86474572576380704     
 -0.29464513774580398     
 -0.73148011641190402     
   2.0060402801279400     
   1.1225289306671600     
 -0.98124276944393296     
  0.18968271205060599     
  0.55922988493596304     
 -0.60955706123709197     
 -0.68110008765730401     
   1.2827337690152800     
  -1.2978622807241400     
   1.5354513617451699     
   1.5444373897160361E-002
  0.11424136376477100     
  -1.8467092316447700     
  0.37546837007590000     
  0.29904986100482800     
 -0.77673547263942799     
 -0.27518458719052702     
 -0.57782926031451198     
  0.27940823012441002     
  -2.3120205818374999     
  0.71983597208420402     
   1.5901871381161301     
   1.0493922133108600     
 -0.26174180788113299     
   1.0027399098565399     
  0.63784113703829803     
