   2.3912658987260702        1.0912443525370901       -1.6999002267585399       -2.6758020214339902      -0.26748624103446900        2.1877507800949769E-002   1.2440226503443199     
  0.49420456392522499        2.7236230635304399       0.95692804482080496       0.70214210929684795       -4.9948526582339499       -1.3183358969855401      -0.45968172280879199     
   1.1294842578887501       -2.7356011094891901      -0.83114380705595503       0.87163707248527400      -0.49691322905076502       0.91072319823468095        1.0913818686389900     
   1.3755537457058800        2.2029883530495602      -0.66707100311219103       0.25657670923407000      -0.78627037113834297      -0.69858885665638604      -0.24506473394462600     
  0.85699548639721002       -2.7761944405162402        1.4003190661214200        7.0753500732881802       -7.7881548938762597        2.5905523787200000       -2.4385631772758800     
 -0.74917262216396896        2.3583978408393902       0.56401044255511801       -3.3261235575479402       0.71709510337214699      -0.97885048738598202      -0.11643818798395700     
  -3.6986584148111540E-002  0.45299287696791501      -0.44142491514426802        1.5688085693250300        1.0846990927385500      -0.49404393702611299       -6.9520389467772903     
  0.34717726565042700        5.0049125927153000       -1.2489052290721201       -5.9308226690665196        4.1227470926775203      -0.14904768261081200      -0.12308391515922799     
   5.9233263030929052E-002  0.57284464341564301        1.0888996362507499       0.18357430200811101       -1.1710757099450599      -0.31456646352935802       0.33005892041856000     
 -0.15462303878114900      -0.85453217118094604      -0.85236232296455605       -1.3994710099738901        2.1035519374422802       0.47417421582818797      -0.65714182340537697     
 -0.49533091042507399        1.3814822556111599       0.56649937969323005       -3.2081051501991000      -0.22700236195038800        1.6827529708800100        1.0341553536854000     
 -0.91646467202501503        2.3797658508468098       0.13201994120948099       -2.4220586287081098       0.63831099075711994      -0.12826835856705901        1.4425853783339100     
  -1.1361109885369001      -0.34638316635193800       0.42438748799257398       0.55149348039408097       0.76902419579091297       0.77840532583205801       -1.1999779779288000     
   1.2712653124211399        2.9583325768576798       -1.0455848949392701       -4.6997430807745904       0.48595765535652202       0.97738616436960701       -2.9325016513118398     
 -0.54220807316835895        4.5786497721436401       -1.3188565677656510E-002  -6.5742467988132800       0.14492612126910001        1.4303178314449301       -2.1497199373231299     
   1.4784000070375700       -2.0772374940399900       -1.0897157518947200      -0.81555989335299695       0.25652744130719801       0.52849907867153401      -0.14063781490079000     
 -0.50607085985680400        4.6947337843690704       0.93593347970225005       -1.4097802891291999       -1.3395514088662599      -0.31847358519021901        8.1530445605556223E-002
   1.0304931503049599        5.0108588171895603      -0.39953108276711602       0.59180591575348396       -2.7063325233806901       0.42180805673196098       -3.8772516459688098     
  -1.0893516347443899        1.6374977706676801       0.70269185790889099        2.1715522234122102      -0.60662463486715601       0.85743843518267904       0.43417602305967201     
 -0.76200348882635704       0.11663020548995701      -0.39512878701168802       -5.4194305835535097        4.3930149163393404       -1.0648230702115900        3.2360233424303000     
 -0.26882262966925602       0.95665178882191404       0.63910983572000002      -0.11919919009020501      -0.46141094855226200      -0.52771693363269101       -1.9686113681388699     
  0.32620087449238699        3.0876236044275198       -1.1333097815252600       -2.5289104741783799        1.6482265055664600       -2.5531444766542899       0.51297722331515805     
   2.4677772472939701       -2.6951727180836000       -1.1371847742909500        3.1744445921459201       -2.3742003360898400       -2.7293318552153681E-002  -1.6726336130588599     
   1.2279334054752100       -3.3044379105638502      -0.79959132103067299      -0.28188417233367502      -0.72578977879684503        1.9475295134203401        2.1714302791222702     
 -0.49606217199898400       -1.6789190826632301       0.11304961307374500       0.74224806988788095       -1.0894087546974300        1.4110360690058501        2.2432686732973099     
  -2.1861983335083601       0.72554797245094205        1.0900854709541901        1.5871600739310601        1.6477690903823199       -1.1764218273829401      -0.94309880107260702     
 -0.18540892052331101       0.28031565914731799       0.20603683867398101      -0.30762903533587499        2.6013347554638400       -1.2426176894062699       0.62798242462144505     
  0.55126838369569098       0.36191746095894700       0.85822333029832698        3.0673312084387301       -2.6727164304876299       -1.3798834882047299      -0.90783533544610195     
  0.81873665851728195        1.7393731124375100       0.66261385082524704        5.3786453065606796       -5.8092246003798298        3.4707193889078232E-002  -7.8050267034988998     
   1.2446050066640399       -1.7919421153072801       -1.1043930371196800       -1.3959229037628200        1.4434804711096900       -1.6704709486070299        1.2226848668391199     
 -0.30595629604800301       -3.5535476846962699       0.81860923585467504      -0.20696500119495301        1.1314680716243499        6.7663366067554159E-002  0.22641648200842299     
  0.98712755800970498        2.3735919532975802      -0.21110786561161199       -3.5339392639963298       -1.0318441170823101      -0.13686823012939900       0.41969636714479303     
  -1.4823764641098700       -3.7756301249705801       0.67524940673759104       -1.1197786262666101        3.8512786048422298       -3.2609778939916301        1.3483363645211801     
 -0.62187299895893000      -0.82822136613662500       0.71406343090064195        2.0977599864550398        1.2009863850114999        7.8188650696433229E-002 -0.78144921988570804     
   1.1402637441437300       0.10651793260448000      -0.13801133759678400       -1.0246665015353300       -2.0583463235175299        1.9128750374646699       -2.4149153009650002     
 -0.12032625825259900       0.61129358572525505      -0.43317324478724401        1.3374012058975400        1.3976010830486401       -1.6020607290211200       -1.1443758222244900     
   1.9655417486524300        1.2510877564708900      -0.21878713372608399        3.2820895117955802       -4.3077174662919697       0.28135279785936901       -2.8981673256052498     
 -0.42873534058644502      -0.70403721301262301        1.3574872032207660E-002  -4.3496127521846901        2.8378835711841899        1.6446370258395699       -3.0582733125763899     
  0.73637985687758400       -3.5561687658801100        7.8050769135832683E-003   1.6485984857976499        3.1887201262068829E-002  0.10113070430300400       0.26752281357397600     
  -1.3628660449942200        2.9758558856337500        2.0187478234649499       -1.1359309545818199      -0.98354248722088800        9.8837142016862847E-002  -1.0599400736655100     
  -2.0846689450625000      -0.76866651098133998        2.0473227050253602        1.0278653602621199      -0.39779985130172202      -0.90209244853430803      -0.62846711328821303     
  0.37542993341716102        1.7084649815539299      -0.30978718771058300       0.38639808668208903       -2.0517481541663098        4.5423858696226676E-003 -0.56734971002247703     
  0.66728183678219399       -2.4375816621367399       0.16358635509953701        1.1954212624303699       -2.0012726491349402       -1.4288813905133499        1.1425642937628000     
 -0.11320082155206100        3.1830053818245099       0.90079376910811304        1.6994120206471901       -1.2738849798661300      -0.78887868308300801      -0.34389765816417300     
   1.1200816958355000       0.39723870758894902       0.10304615761957700        1.0214806730674200       -3.3377954456595398       -1.7888933926130901       -2.3082570950114500     
