   6.6791113947817102     
   5.8747728568491003E-002
  0.48664065344725199     
  -3.0785141519297601     
 -0.86540857436492202     
 -0.34741080850469003     
  -3.9660123490086598     
  0.55255072389061999     
  -1.5580210695400101     
   2.4200026574645501     
  0.58536944147112202     
  0.30577991033988700     
  0.96706406631092601     
  0.56268567377638201     
   6.0669151585527903     
 -0.25191642089551097     
   2.0889584251627502     
   8.0313678823945148E-002
 -0.35343073431738598     
   6.0525783573790299     
   3.4545867204047500     
  0.25465782751809402     
  -1.2239816793953150E-002
   6.3780891087048301     
  -1.0741937562756700     
 -0.89934377652274200     
 -0.23121550104575000     
  -2.1908221066824201     
   2.0854521985257701     
   3.5463531410549201     
  -3.2649762091470498     
  0.69515763054729096     
   1.4196799427463500     
  -5.0266033426709296     
  -5.5908820395963899     
  -2.2459496772022698     
  0.24432219763589699     
 -0.23132603145367900     
  -6.7792767179790197     
   3.4400731275269401     
 -0.30273503292797499     
 -0.66254214051179605     
   3.9466203163922103E-002
  -8.9279008007426697     
 -0.75616401415695400     
